# Mapping between PTM positions and consensus sequence positions
# Format: PTM_Index	Alignment_Position	Consensus_Position	Consensus_AA
1	2	2	A
2	5	5	L
3	20	20	L
4	28	28	N
5	29	29	S
6	30	30	T
7	41	41	V
8	46	46	S
9	56	56	G
10	66	66	P
11	72	72	C
12	90	90	A
13	91	91	S
14	105	105	G
15	107	107	C
16	112	112	F
17	116	116	E
18	124	124	S
19	128	128	F
20	131	131	F
21	137	137	T
22	139	139	S
23	140	140	W
24	143	143	H
25	145	145	S
26	147	147	K
27	148	148	G
28	150	150	T
29	151	151	A
30	159	159	K
31	171	171	N
32	173	173	K
33	174	174	G
34	175	175	N
35	180	180	L
36	182	182	K
37	184	184	Y
38	186	186	N
39	187	187	D
40	214	214	A
41	215	215	D
42	217	217	Y
43	229	229	F
44	231	231	P
45	233	233	I
46	236	236	R
47	257	257	D
48	259	259	I
49	279	279	N
50	280	280	A
51	281	281	G
52	282	282	S
53	283	283	G
54	287	287	S
55	289	289	T
56	290	290	P
57	295	295	C
58	297	297	T
59	304	304	G
60	308	308	T
61	342	342	P
62	361	361	G
63	405	405	I
64	429	429	H
65	440	440	K
66	441	441	V
67	477	477	E
68	483	483	L
69	503	503	N
70	511	511	N
71	512	512	G
72	514	514	Y
73	519	519	Y
74	527	527	R
75	535	535	L
76	569	569	S
77	570	570	N
78	571	571	G
79	576	576	R
80	579	579	I
